0  0  255  0  255  0  248  165  173
23
2  33  1107  474  1227  431  1234  549  2 0  0  255  236  123  115  
1  32  842  257  1177  402  2 0  0  255  236  123  115  
2  31  962  156  1153  175  1136  379  2 0  0  255  236  123  115  
2  30  607  122  889  153  757  459  2 0  0  255  236  123  115  
1  29  317  90  584  306  2 0  0  255  236  123  115  
2  28  567  422  817  424  707  590  2 0  0  255  227  157  33  
2  27  149  374  251  512  335  521  2 0  0  255  227  157  33  
3  26  254  489  114  2 0  0  255  227  157  33  
3  25  160  471  74  2 0  0  255  227  157  33  
1  24  127  179  224  314  2 0  0  255  227  157  33  
1  1  289  309  586  407  2 40  51  133  34  126  173  
3  2  526  440  156  2 0  0  255  196  23  130  
1  3  314  186  530  365  2 40  51  133  34  126  173  
2  7  798  241  1087  301  872  483  2 0  0  255  NO_FILL
0  8  767  160  1080  197  2 0  0  255  
0  9  712  219  829  478  2 0  0  255  
3  11  850  392  137  2 0  0  255  196  23  130  
1  12  652  190  903  344  2 0  0  255  196  23  130  
3  14  494  396  129  2 40  51  133  34  126  173  
2  15  287  113  528  181  325  346  2 40  51  133  34  126  173  
2  19  1060  475  892  630  1139  614  2 0  0  255  NO_FILL
1  22  437  446  598  569  2 40  51  133  34  126  173  
0  23  895  596  706  486  2 0  0  255  
