0  0  255  0  255  0  255  223  223
23
3  42  472  375  241  2 0  0  255  167  31  103  
3  37  860  271  155  2 0  0  255  232  24  74  
1  36  870  143  1122  398  2 0  0  255  232  24  74  
2  35  915  97  1217  270  990  558  2 0  0  255  232  24  74  
1  34  611  418  1010  577  2 0  0  255  232  24  74  
3  27  579  328  276  2 0  0  255  60  163  222  
1  26  271  379  751  513  2 0  0  255  60  163  222  
2  25  143  148  492  129  260  579  2 0  0  255  246  241  79  
1  24  170  448  306  606  2 0  0  255  246  241  79  
3  23  156  477  126  2 0  0  255  246  241  79  
1  22  67  111  241  399  2 0  0  255  246  241  79  
0  4  817  98  638  339  2 0  0  255  
2  9  779  422  929  406  832  270  2 0  0  255  167  31  103  
0  16  1245  535  897  630  2 0  0  255  
0  17  228  102  83  230  2 0  0  255  
0  18  1141  93  1301  290  2 0  0  255  
2  45  505  422  784  620  986  539  2 0  0  255  167  31  103  
3  46  310  184  93  2 0  0  255  167  31  103  
2  47  244  245  323  436  503  443  2 0  0  255  167  31  103  
2  48  265  174  503  242  362  458  2 0  0  255  167  31  103  
2  49  549  206  679  337  549  513  2 0  0  255  167  31  103  
1  50  463  266  934  496  2 0  0  255  167  31  103  
1  51  176  227  444  462  2 0  0  255  167  31  103  
