252  145  91  68  85  157  255  223  223
22
1  1  78  163  205  330  2 0  0  255  214  122  173  
2  2  210  133  459  257  290  429  4 0  0  255  214  122  173  
2  3  504  214  425  436  500  465  4 242  238  16  242  24  40  
3  4  606  340  137  4 242  238  16  242  24  40  
1  5  476  147  830  405  3 111  206  224  242  24  40  
1  6  624  366  914  535  3 111  206  224  152  40  148  
2  7  814  119  1140  197  856  532  3 111  206  224  214  122  173  
1  8  153  252  325  463  3 97  193  70  214  122  173  
1  9  436  161  650  313  3 97  193  70  242  24  40  
3  10  469  508  100  3 97  193  70  160  221  226  
1  11  144  126  407  288  3 76  134  216  160  221  226  
2  12  636  157  810  255  664  430  3 76  134  216  152  40  148  
3  13  807  293  136  3 76  134  216  152  40  148  
2  14  860  96  1054  146  1081  321  3 76  134  216  152  40  148  
2  15  727  157  988  172  1009  394  3 76  134  216  252  207  43  
1  16  334  95  600  216  3 76  134  216  252  207  43  
2  17  1110  173  1171  443  983  477  3 76  134  216  252  207  43  
3  18  787  489  88  3 76  134  216  252  207  43  
0  19  30  432  191  565  3 76  134  216  
0  20  1131  130  1184  317  3 76  134  216  
0  21  165  571  289  549  3 252  145  91  
0  22  259  445  331  535  3 252  145  91  
