0  0  255  0  255  0  255  223  223
15
1  1  280  364  632  505  2 0  0  255  248  234  24  
3  2  382  202  112  2 0  0  255  192  38  36  
1  3  583  227  924  393  2 0  0  255  154  57  152  
1  4  113  168  394  339  2 0  0  255  192  38  36  
1  5  637  142  1074  358  2 0  0  255  154  57  152  
3  6  180  397  118  2 0  0  255  154  57  152  
2  7  766  268  1238  360  1006  589  2 0  0  255  154  57  152  
2  8  489  331  789  467  591  585  2 0  0  255  248  234  24  
2  9  130  134  80  258  202  402  2 0  0  255  192  38  36  
2  10  958  80  1178  136  1208  382  2 0  0  255  248  234  24  
0  11  515  151  721  199  2 0  0  255  
0  12  364  337  680  512  2 0  0  255  
2  13  150  472  374  494  431  615  2 0  0  255  248  234  24  
2  14  580  322  787  328  844  545  4 29  155  73  230  83  128  
3  15  687  360  145  4 29  155  73  230  83  128  
